data/input_images/26.jpg: 
data/input_images/27.jpg: ; not[[187 168]
 [290 176]
 [279 353]
 [152 354]], [[322 171]
 [423 170]
 [458 347]
 [329 352]], [[442  57]
 [525  58]
 [571 172]
 [467 173]], [[114  33]
 [192  38]
 [166 141]
 [ 66 143]], [[212  41]
 [295  49]
 [290 157]
 [190 156]], [[319  47]
 [401  48]
 [419 157]
 [320 161]], [[527  97]
 [530 117]
 [478 121]
 [475 101]], [[514  68]
 [516  88]
 [468  90]
 [467  72]], [[389  97]
 [396  98]
 [364 109]
 [373  88]], [[386  69]
 [361  76]
 [338  68]
 [361  57]], [[366 121]
 [366 119]
 [393 130]
 [349 127]]; not[[187 168]
 [290 176]
 [279 353]
 [152 354]], [[322 171]
 [423 170]
 [458 347]
 [329 352]], [[442  57]
 [525  58]
 [571 172]
 [467 173]], [[114  33]
 [192  38]
 [166 141]
 [ 66 143]], [[212  41]
 [295  49]
 [290 157]
 [190 156]], [[319  47]
 [401  48]
 [419 157]
 [320 161]], [[527  97]
 [530 117]
 [478 121]
 [475 101]], [[514  68]
 [516  88]
 [468  90]
 [467  72]], [[389  97]
 [396  98]
 [364 109]
 [373  88]], [[386  69]
 [361  76]
 [338  68]
 [361  57]], [[366 121]
 [366 119]
 [393 130]
 [349 127]]; not[[187 168]
 [290 176]
 [279 353]
 [152 354]], [[322 171]
 [423 170]
 [458 347]
 [329 352]], [[442  57]
 [525  58]
 [571 172]
 [467 173]], [[114  33]
 [192  38]
 [166 141]
 [ 66 143]], [[212  41]
 [295  49]
 [290 157]
 [190 156]], [[319  47]
 [401  48]
 [419 157]
 [320 161]], [[527  97]
 [530 117]
 [478 121]
 [475 101]], [[514  68]
 [516  88]
 [468  90]
 [467  72]], [[389  97]
 [396  98]
 [364 109]
 [373  88]], [[386  69]
 [361  76]
 [338  68]
 [361  57]], [[366 121]
 [366 119]
 [393 130]
 [349 127]]; not[[187 168]
 [290 176]
 [279 353]
 [152 354]], [[322 171]
 [423 170]
 [458 347]
 [329 352]], [[442  57]
 [525  58]
 [571 172]
 [467 173]], [[114  33]
 [192  38]
 [166 141]
 [ 66 143]], [[212  41]
 [295  49]
 [290 157]
 [190 156]], [[319  47]
 [401  48]
 [419 157]
 [320 161]], [[527  97]
 [530 117]
 [478 121]
 [475 101]], [[514  68]
 [516  88]
 [468  90]
 [467  72]], [[389  97]
 [396  98]
 [364 109]
 [373  88]], [[386  69]
 [361  76]
 [338  68]
 [361  57]], [[366 121]
 [366 119]
 [393 130]
 [349 127]]; not[[187 168]
 [290 176]
 [279 353]
 [152 354]], [[322 171]
 [423 170]
 [458 347]
 [329 352]], [[442  57]
 [525  58]
 [571 172]
 [467 173]], [[114  33]
 [192  38]
 [166 141]
 [ 66 143]], [[212  41]
 [295  49]
 [290 157]
 [190 156]], [[319  47]
 [401  48]
 [419 157]
 [320 161]], [[527  97]
 [530 117]
 [478 121]
 [475 101]], [[514  68]
 [516  88]
 [468  90]
 [467  72]], [[389  97]
 [396  98]
 [364 109]
 [373  88]], [[386  69]
 [361  76]
 [338  68]
 [361  57]], [[366 121]
 [366 119]
 [393 130]
 [349 127]]
data/input_images/28.jpg: ; not[[323 146]
 [436 143]
 [479 343]
 [335 355]], [[177 132]
 [286 132]
 [292 329]
 [152 342]], [[265  77]
 [273  96]
 [210 104]
 [212  77]], [[449 293]
 [403 325]
 [350 300]
 [396 270]], [[387  21]
 [387  41]
 [333  42]
 [340  22]], [[444 294]
 [402 321]
 [357 300]
 [396 273]]; not[[323 146]
 [436 143]
 [479 343]
 [335 355]], [[177 132]
 [286 132]
 [292 329]
 [152 342]], [[265  77]
 [273  96]
 [210 104]
 [212  77]], [[449 293]
 [403 325]
 [350 300]
 [396 270]], [[387  21]
 [387  41]
 [333  42]
 [340  22]], [[444 294]
 [402 321]
 [357 300]
 [396 273]]; not[[323 146]
 [436 143]
 [479 343]
 [335 355]], [[177 132]
 [286 132]
 [292 329]
 [152 342]], [[265  77]
 [273  96]
 [210 104]
 [212  77]], [[449 293]
 [403 325]
 [350 300]
 [396 270]], [[387  21]
 [387  41]
 [333  42]
 [340  22]], [[444 294]
 [402 321]
 [357 300]
 [396 273]]; not[[323 146]
 [436 143]
 [479 343]
 [335 355]], [[177 132]
 [286 132]
 [292 329]
 [152 342]], [[265  77]
 [273  96]
 [210 104]
 [212  77]], [[449 293]
 [403 325]
 [350 300]
 [396 270]], [[387  21]
 [387  41]
 [333  42]
 [340  22]], [[444 294]
 [402 321]
 [357 300]
 [396 273]]
data/input_images/29.jpg: ; not[[458 260]
 [556 255]
 [637 429]
 [511 444]], [[333 257]
 [431 260]
 [471 439]
 [343 445]], [[428 137]
 [507 134]
 [564 236]
 [469 250]], [[222 133]
 [301 140]
 [298 248]
 [200 249]], [[123 134]
 [201 138]
 [176 245]
 [ 78 250]], [[323 137]
 [400 139]
 [424 247]
 [328 252]], [[358 337]
 [374 325]
 [433 334]
 [395 358]], [[396  53]
 [459  50]
 [492 121]
 [415 127]], [[319  51]
 [385  54]
 [398 125]
 [321 129]], [[144  54]
 [209  53]
 [202 124]
 [121 130]], [[296  56]
 [293 122]
 [214 125]
 [230  49]], [[274 209]
 [285 226]
 [227 236]
 [221 217]], [[286 182]
 [281 197]
 [225 192]
 [231 176]], [[383 165]
 [387 180]
 [343 183]
 [345 165]], [[282 146]
 [279 166]
 [235 164]
 [236 145]], [[395 190]
 [394 213]
 [344 216]
 [349 193]]; not[[458 260]
 [556 255]
 [637 429]
 [511 444]], [[333 257]
 [431 260]
 [471 439]
 [343 445]], [[428 137]
 [507 134]
 [564 236]
 [469 250]], [[222 133]
 [301 140]
 [298 248]
 [200 249]], [[123 134]
 [201 138]
 [176 245]
 [ 78 250]], [[323 137]
 [400 139]
 [424 247]
 [328 252]], [[358 337]
 [374 325]
 [433 334]
 [395 358]], [[396  53]
 [459  50]
 [492 121]
 [415 127]], [[319  51]
 [385  54]
 [398 125]
 [321 129]], [[144  54]
 [209  53]
 [202 124]
 [121 130]], [[296  56]
 [293 122]
 [214 125]
 [230  49]], [[274 209]
 [285 226]
 [227 236]
 [221 217]], [[286 182]
 [281 197]
 [225 192]
 [231 176]], [[383 165]
 [387 180]
 [343 183]
 [345 165]], [[282 146]
 [279 166]
 [235 164]
 [236 145]], [[395 190]
 [394 213]
 [344 216]
 [349 193]]; not[[458 260]
 [556 255]
 [637 429]
 [511 444]], [[333 257]
 [431 260]
 [471 439]
 [343 445]], [[428 137]
 [507 134]
 [564 236]
 [469 250]], [[222 133]
 [301 140]
 [298 248]
 [200 249]], [[123 134]
 [201 138]
 [176 245]
 [ 78 250]], [[323 137]
 [400 139]
 [424 247]
 [328 252]], [[358 337]
 [374 325]
 [433 334]
 [395 358]], [[396  53]
 [459  50]
 [492 121]
 [415 127]], [[319  51]
 [385  54]
 [398 125]
 [321 129]], [[144  54]
 [209  53]
 [202 124]
 [121 130]], [[296  56]
 [293 122]
 [214 125]
 [230  49]], [[274 209]
 [285 226]
 [227 236]
 [221 217]], [[286 182]
 [281 197]
 [225 192]
 [231 176]], [[383 165]
 [387 180]
 [343 183]
 [345 165]], [[282 146]
 [279 166]
 [235 164]
 [236 145]], [[395 190]
 [394 213]
 [344 216]
 [349 193]]; not[[458 260]
 [556 255]
 [637 429]
 [511 444]], [[333 257]
 [431 260]
 [471 439]
 [343 445]], [[428 137]
 [507 134]
 [564 236]
 [469 250]], [[222 133]
 [301 140]
 [298 248]
 [200 249]], [[123 134]
 [201 138]
 [176 245]
 [ 78 250]], [[323 137]
 [400 139]
 [424 247]
 [328 252]], [[358 337]
 [374 325]
 [433 334]
 [395 358]], [[396  53]
 [459  50]
 [492 121]
 [415 127]], [[319  51]
 [385  54]
 [398 125]
 [321 129]], [[144  54]
 [209  53]
 [202 124]
 [121 130]], [[296  56]
 [293 122]
 [214 125]
 [230  49]], [[274 209]
 [285 226]
 [227 236]
 [221 217]], [[286 182]
 [281 197]
 [225 192]
 [231 176]], [[383 165]
 [387 180]
 [343 183]
 [345 165]], [[282 146]
 [279 166]
 [235 164]
 [236 145]], [[395 190]
 [394 213]
 [344 216]
 [349 193]]; not[[458 260]
 [556 255]
 [637 429]
 [511 444]], [[333 257]
 [431 260]
 [471 439]
 [343 445]], [[428 137]
 [507 134]
 [564 236]
 [469 250]], [[222 133]
 [301 140]
 [298 248]
 [200 249]], [[123 134]
 [201 138]
 [176 245]
 [ 78 250]], [[323 137]
 [400 139]
 [424 247]
 [328 252]], [[358 337]
 [374 325]
 [433 334]
 [395 358]], [[396  53]
 [459  50]
 [492 121]
 [415 127]], [[319  51]
 [385  54]
 [398 125]
 [321 129]], [[144  54]
 [209  53]
 [202 124]
 [121 130]], [[296  56]
 [293 122]
 [214 125]
 [230  49]], [[274 209]
 [285 226]
 [227 236]
 [221 217]], [[286 182]
 [281 197]
 [225 192]
 [231 176]], [[383 165]
 [387 180]
 [343 183]
 [345 165]], [[282 146]
 [279 166]
 [235 164]
 [236 145]], [[395 190]
 [394 213]
 [344 216]
 [349 193]]; not[[458 260]
 [556 255]
 [637 429]
 [511 444]], [[333 257]
 [431 260]
 [471 439]
 [343 445]], [[428 137]
 [507 134]
 [564 236]
 [469 250]], [[222 133]
 [301 140]
 [298 248]
 [200 249]], [[123 134]
 [201 138]
 [176 245]
 [ 78 250]], [[323 137]
 [400 139]
 [424 247]
 [328 252]], [[358 337]
 [374 325]
 [433 334]
 [395 358]], [[396  53]
 [459  50]
 [492 121]
 [415 127]], [[319  51]
 [385  54]
 [398 125]
 [321 129]], [[144  54]
 [209  53]
 [202 124]
 [121 130]], [[296  56]
 [293 122]
 [214 125]
 [230  49]], [[274 209]
 [285 226]
 [227 236]
 [221 217]], [[286 182]
 [281 197]
 [225 192]
 [231 176]], [[383 165]
 [387 180]
 [343 183]
 [345 165]], [[282 146]
 [279 166]
 [235 164]
 [236 145]], [[395 190]
 [394 213]
 [344 216]
 [349 193]]; not[[458 260]
 [556 255]
 [637 429]
 [511 444]], [[333 257]
 [431 260]
 [471 439]
 [343 445]], [[428 137]
 [507 134]
 [564 236]
 [469 250]], [[222 133]
 [301 140]
 [298 248]
 [200 249]], [[123 134]
 [201 138]
 [176 245]
 [ 78 250]], [[323 137]
 [400 139]
 [424 247]
 [328 252]], [[358 337]
 [374 325]
 [433 334]
 [395 358]], [[396  53]
 [459  50]
 [492 121]
 [415 127]], [[319  51]
 [385  54]
 [398 125]
 [321 129]], [[144  54]
 [209  53]
 [202 124]
 [121 130]], [[296  56]
 [293 122]
 [214 125]
 [230  49]], [[274 209]
 [285 226]
 [227 236]
 [221 217]], [[286 182]
 [281 197]
 [225 192]
 [231 176]], [[383 165]
 [387 180]
 [343 183]
 [345 165]], [[282 146]
 [279 166]
 [235 164]
 [236 145]], [[395 190]
 [394 213]
 [344 216]
 [349 193]]
data/input_images/30.jpg: ; not[[329 236]
 [424 241]
 [451 406]
 [329 405]], [[ 95 236]
 [189 236]
 [163 400]
 [ 41 412]], [[211 230]
 [306 232]
 [308 388]
 [189 397]], [[215 349]
 [215 349]
 [279 334]
 [224 373]], [[134 116]
 [213 121]
 [190 216]
 [ 98 221]], [[322 123]
 [399 121]
 [425 220]
 [332 227]], [[398  45]
 [458  45]
 [491 111]
 [416 118]], [[311  42]
 [375  44]
 [393 112]
 [317 115]], [[513 186]
 [492 194]
 [467 196]
 [463 178]], [[216  41]
 [212 103]
 [135 112]
 [150  41]], [[495 147]
 [498 166]
 [473 164]
 [452 149]]; not[[329 236]
 [424 241]
 [451 406]
 [329 405]], [[ 95 236]
 [189 236]
 [163 400]
 [ 41 412]], [[211 230]
 [306 232]
 [308 388]
 [189 397]], [[215 349]
 [215 349]
 [279 334]
 [224 373]], [[134 116]
 [213 121]
 [190 216]
 [ 98 221]], [[322 123]
 [399 121]
 [425 220]
 [332 227]], [[398  45]
 [458  45]
 [491 111]
 [416 118]], [[311  42]
 [375  44]
 [393 112]
 [317 115]], [[513 186]
 [492 194]
 [467 196]
 [463 178]], [[216  41]
 [212 103]
 [135 112]
 [150  41]], [[495 147]
 [498 166]
 [473 164]
 [452 149]]; not[[329 236]
 [424 241]
 [451 406]
 [329 405]], [[ 95 236]
 [189 236]
 [163 400]
 [ 41 412]], [[211 230]
 [306 232]
 [308 388]
 [189 397]], [[215 349]
 [215 349]
 [279 334]
 [224 373]], [[134 116]
 [213 121]
 [190 216]
 [ 98 221]], [[322 123]
 [399 121]
 [425 220]
 [332 227]], [[398  45]
 [458  45]
 [491 111]
 [416 118]], [[311  42]
 [375  44]
 [393 112]
 [317 115]], [[513 186]
 [492 194]
 [467 196]
 [463 178]], [[216  41]
 [212 103]
 [135 112]
 [150  41]], [[495 147]
 [498 166]
 [473 164]
 [452 149]]; not[[329 236]
 [424 241]
 [451 406]
 [329 405]], [[ 95 236]
 [189 236]
 [163 400]
 [ 41 412]], [[211 230]
 [306 232]
 [308 388]
 [189 397]], [[215 349]
 [215 349]
 [279 334]
 [224 373]], [[134 116]
 [213 121]
 [190 216]
 [ 98 221]], [[322 123]
 [399 121]
 [425 220]
 [332 227]], [[398  45]
 [458  45]
 [491 111]
 [416 118]], [[311  42]
 [375  44]
 [393 112]
 [317 115]], [[513 186]
 [492 194]
 [467 196]
 [463 178]], [[216  41]
 [212 103]
 [135 112]
 [150  41]], [[495 147]
 [498 166]
 [473 164]
 [452 149]]
data/input_images/31.jpg: ; not[[ 75 253]
 [174 261]
 [130 438]
 [  4 442]], [[205 258]
 [302 270]
 [276 452]
 [152 442]], [[116 130]
 [192 133]
 [169 238]
 [ 74 244]], [[386  57]
 [451  54]
 [489 121]
 [413 132]], [[151  50]
 [215  56]
 [191 127]
 [115 125]], [[312  56]
 [376  58]
 [387 133]
 [309 132]], [[564 352]
 [566 386]
 [509 392]
 [505 353]], [[233 347]
 [271 370]
 [225 391]
 [189 368]], [[343 381]
 [378 361]
 [418 382]
 [382 402]], [[532 311]
 [554 327]
 [495 340]
 [484 313]], [[243 297]
 [277 319]
 [237 334]
 [204 312]]; not[[ 75 253]
 [174 261]
 [130 438]
 [  4 442]], [[205 258]
 [302 270]
 [276 452]
 [152 442]], [[116 130]
 [192 133]
 [169 238]
 [ 74 244]], [[386  57]
 [451  54]
 [489 121]
 [413 132]], [[151  50]
 [215  56]
 [191 127]
 [115 125]], [[312  56]
 [376  58]
 [387 133]
 [309 132]], [[564 352]
 [566 386]
 [509 392]
 [505 353]], [[233 347]
 [271 370]
 [225 391]
 [189 368]], [[343 381]
 [378 361]
 [418 382]
 [382 402]], [[532 311]
 [554 327]
 [495 340]
 [484 313]], [[243 297]
 [277 319]
 [237 334]
 [204 312]]; not[[ 75 253]
 [174 261]
 [130 438]
 [  4 442]], [[205 258]
 [302 270]
 [276 452]
 [152 442]], [[116 130]
 [192 133]
 [169 238]
 [ 74 244]], [[386  57]
 [451  54]
 [489 121]
 [413 132]], [[151  50]
 [215  56]
 [191 127]
 [115 125]], [[312  56]
 [376  58]
 [387 133]
 [309 132]], [[564 352]
 [566 386]
 [509 392]
 [505 353]], [[233 347]
 [271 370]
 [225 391]
 [189 368]], [[343 381]
 [378 361]
 [418 382]
 [382 402]], [[532 311]
 [554 327]
 [495 340]
 [484 313]], [[243 297]
 [277 319]
 [237 334]
 [204 312]]; not[[ 75 253]
 [174 261]
 [130 438]
 [  4 442]], [[205 258]
 [302 270]
 [276 452]
 [152 442]], [[116 130]
 [192 133]
 [169 238]
 [ 74 244]], [[386  57]
 [451  54]
 [489 121]
 [413 132]], [[151  50]
 [215  56]
 [191 127]
 [115 125]], [[312  56]
 [376  58]
 [387 133]
 [309 132]], [[564 352]
 [566 386]
 [509 392]
 [505 353]], [[233 347]
 [271 370]
 [225 391]
 [189 368]], [[343 381]
 [378 361]
 [418 382]
 [382 402]], [[532 311]
 [554 327]
 [495 340]
 [484 313]], [[243 297]
 [277 319]
 [237 334]
 [204 312]]; not[[ 75 253]
 [174 261]
 [130 438]
 [  4 442]], [[205 258]
 [302 270]
 [276 452]
 [152 442]], [[116 130]
 [192 133]
 [169 238]
 [ 74 244]], [[386  57]
 [451  54]
 [489 121]
 [413 132]], [[151  50]
 [215  56]
 [191 127]
 [115 125]], [[312  56]
 [376  58]
 [387 133]
 [309 132]], [[564 352]
 [566 386]
 [509 392]
 [505 353]], [[233 347]
 [271 370]
 [225 391]
 [189 368]], [[343 381]
 [378 361]
 [418 382]
 [382 402]], [[532 311]
 [554 327]
 [495 340]
 [484 313]], [[243 297]
 [277 319]
 [237 334]
 [204 312]]
